¼øÀ§   ÆÀ¸í             ½Â    ÆÐ    ¹«    ½Â·ü   È¨°æ±â¼ºÀû      ¿øÁ¤°æ±â¼ºÀû     
1    µÎ»ê             20   11   2    0.645 11 -0  -8  9  -2  -3  
2    »ï¼º             20   15   0    0.571 8  -0  -8  12 -0  -7  
3    ·Ôµ¥             20   15   0    0.571 5  -0  -9  15 -0  -6  
4    ³Ø¼¾             18   14   2    0.563 9  -2  -4  9  -0  -10 
5    SK             17   14   3    0.548 12 -1  -11 5  -2  -3  
6    LG             19   16   0    0.543 10 -0  -10 9  -0  -6  
7    NC             16   17   2    0.485 6  -1  -7  10 -1  -10 
8    KIA            16   18   1    0.471 12 -1  -8  4  -0  -10 
9    ÇÑÈ­             14   19   0    0.424 4  -0  -10 10 -0  -9  
10   KT             7    28   0    0.200 4  -0  -11 3  -0  -17 

ÆÀ¸í   »ï¼º           µÎ»ê           ·Ôµ¥           SK           ÇÑÈ­           ³Ø¼¾           LG           KIA          NC           KT           ÇÕ°è           
»ï¼º    0  -0  -0      1  -0  -1      3  -0  -4      2  -0  -2      2  -0  -2      0  -0  -0      2  -0  -3      2  -0  -2      4  -0  -1      4  -0  -0      20 -15 -0     
µÎ»ê    1  -0  -1      0  -0  -0      2  -0  -2      0  -0  -0      2  -0  -1      4  -0  -2      2  -0  -3      3  -1  -1      2  -1  -1      4  -0  -0      20 -11 -2     
·Ôµ¥    4  -0  -3      2  -0  -2      0  -0  -0      1  -0  -1      4  -0  -1      1  -0  -1      1  -0  -2      1  -0  -2      3  -0  -2      3  -0  -1      20 -15 -0     
SK    2  -0  -2      0  -0  -0      1  -0  -1      0  -0  -0      1  -0  -3      3  -2  -2      1  -0  -1      1  -0  -1      2  -1  -2      6  -0  -2      17 -14 -3     
ÇÑÈ­    2  -0  -2      1  -0  -2      1  -0  -4      3  -0  -1      0  -0  -0      1  -0  -2      4  -0  -4      0  -0  -0      2  -0  -4      0  -0  -0      14 -19 -0     
³Ø¼¾    0  -0  -0      2  -0  -4      1  -0  -1      2  -2  -3      2  -0  -1      0  -0  -0      1  -0  -1      4  -0  -1      0  -0  -1      6  -0  -2      18 -14 -2     
LG    3  -0  -2      3  -0  -2      2  -0  -1      1  -0  -1      4  -0  -4      1  -0  -1      0  -0  -0      3  -0  -3      2  -0  -1      0  -0  -1      19 -16 -0     
KIA   2  -0  -2      1  -1  -3      2  -0  -1      1  -0  -1      0  -0  -0      1  -0  -4      3  -0  -3      0  -0  -0      1  -0  -4      5  -0  -0      16 -18 -1     
NC    1  -0  -4      1  -1  -2      2  -0  -3      2  -1  -2      4  -0  -2      1  -0  -0      1  -0  -2      4  -0  -1      0  -0  -0      0  -0  -1      16 -17 -2     
KT    0  -0  -4      0  -0  -4      1  -0  -3      2  -0  -6      0  -0  -0      2  -0  -6      1  -0  -0      0  -0  -5      1  -0  -0      0  -0  -0      7  -28 -0     
